-1.01984	-0.954222	-0.888576	-0.822907	-0.757213	-0.691495	-0.625753	-0.559987	-0.494197	-0.428382	-0.362543	-0.29668	-0.230793	-0.164882	-0.098946	-0.032986	0.0329982	0.0990067	0.16504	0.231097	0.297178	0.363284	0.429414	0.495569	0.561748	0.627951	0.694179	0.760431	0.826708	0.893009	0.959334	1.02568	
-1.01636	-0.950952	-0.885521	-0.820067	-0.754591	-0.689093	-0.623572	-0.558028	-0.492462	-0.426874	-0.361262	-0.295629	-0.229972	-0.164293	-0.0985919	-0.0328677	0.0328791	0.0986485	0.164441	0.230255	0.296093	0.361953	0.427836	0.493741	0.559669	0.62562	0.691594	0.757591	0.82361	0.889652	0.955717	1.0218	
-1.01288	-0.94768	-0.882464	-0.817227	-0.751969	-0.68669	-0.62139	-0.556069	-0.490728	-0.425365	-0.359981	-0.294577	-0.229152	-0.163705	-0.0982378	-0.0327494	0.0327599	0.0982903	0.163842	0.229414	0.295007	0.360622	0.426257	0.491914	0.557592	0.62329	0.68901	0.754751	0.820513	0.886297	0.952101	1.01793	
-1.00939	-0.944408	-0.879406	-0.814386	-0.749346	-0.684286	-0.619208	-0.55411	-0.488993	-0.423856	-0.3587	-0.293525	-0.228331	-0.163117	-0.0978836	-0.0326311	0.0326408	0.0979321	0.163243	0.228573	0.293922	0.359291	0.424679	0.490087	0.555514	0.620961	0.686427	0.751913	0.817418	0.882942	0.948486	1.01405	
-1.0059	-0.941134	-0.876348	-0.811544	-0.746722	-0.681882	-0.617025	-0.55215	-0.487257	-0.422347	-0.357419	-0.292473	-0.22751	-0.162528	-0.0975295	-0.0325128	0.0325217	0.0975739	0.162644	0.227732	0.292837	0.357961	0.423102	0.488261	0.553438	0.618632	0.683845	0.749075	0.814323	0.879589	0.944873	1.01017	
-1.00241	-0.93786	-0.873288	-0.808701	-0.744097	-0.679477	-0.614842	-0.55019	-0.485522	-0.420838	-0.356137	-0.291421	-0.226689	-0.16194	-0.0971754	-0.0323945	0.0324026	0.0972157	0.162045	0.226891	0.291752	0.35663	0.421524	0.486435	0.551361	0.616304	0.681263	0.746238	0.811229	0.876237	0.94126	1.0063	
-0.998925	-0.934584	-0.870228	-0.805857	-0.741472	-0.677072	-0.612658	-0.548229	-0.483786	-0.419328	-0.354856	-0.290369	-0.225868	-0.161352	-0.0968212	-0.0322762	0.0322834	0.0968576	0.161446	0.22605	0.290668	0.3553	0.419947	0.484609	0.549285	0.613976	0.678681	0.743401	0.808136	0.872885	0.937649	1.00243	
-0.995435	-0.931307	-0.867166	-0.803012	-0.738846	-0.674666	-0.610474	-0.546268	-0.48205	-0.417818	-0.353574	-0.289317	-0.225046	-0.160763	-0.096467	-0.0321578	0.0321643	0.0964995	0.160848	0.225209	0.289583	0.35397	0.41837	0.482783	0.547209	0.611648	0.676101	0.740566	0.805044	0.869535	0.93404	0.998557	
-0.991942	-0.928029	-0.864103	-0.800167	-0.736219	-0.672259	-0.608289	-0.544307	-0.480313	-0.416308	-0.352292	-0.288264	-0.224225	-0.160175	-0.0961128	-0.0320395	0.0320452	0.0961413	0.160249	0.224368	0.288498	0.35264	0.416793	0.480958	0.545134	0.609322	0.673521	0.737731	0.801953	0.866186	0.930431	0.994687	
-0.988449	-0.924749	-0.86104	-0.79732	-0.733591	-0.669852	-0.606103	-0.542345	-0.478576	-0.414798	-0.35101	-0.287212	-0.223404	-0.159586	-0.0957586	-0.0319212	0.0319261	0.0957832	0.15965	0.223527	0.287414	0.35131	0.415217	0.479133	0.543059	0.606995	0.670941	0.734897	0.798863	0.862838	0.926824	0.990819	
-0.984954	-0.921469	-0.857975	-0.794473	-0.730963	-0.667445	-0.603918	-0.540383	-0.476839	-0.413287	-0.349727	-0.286159	-0.222583	-0.158998	-0.0954044	-0.0318028	0.031807	0.0954251	0.159052	0.222686	0.286329	0.349981	0.413641	0.477309	0.540985	0.60467	0.668363	0.732064	0.795774	0.859492	0.923218	0.986953	
-0.981458	-0.918187	-0.85491	-0.791625	-0.728334	-0.665036	-0.601731	-0.53842	-0.475102	-0.411777	-0.348445	-0.285106	-0.221761	-0.158409	-0.0950501	-0.0316845	0.0316879	0.0950671	0.158453	0.221846	0.285245	0.348651	0.412065	0.475484	0.538911	0.602344	0.665785	0.729232	0.792685	0.856146	0.919613	0.983087	
-0.977961	-0.914905	-0.851843	-0.788777	-0.725704	-0.662627	-0.599545	-0.536457	-0.473364	-0.410266	-0.347162	-0.284054	-0.22094	-0.15782	-0.0946959	-0.0315662	0.0315688	0.094709	0.157854	0.221005	0.284161	0.347322	0.410489	0.47366	0.536837	0.60002	0.663207	0.7264	0.789598	0.852801	0.91601	0.979223	
-0.974463	-0.911621	-0.848776	-0.785927	-0.723074	-0.660218	-0.597357	-0.534494	-0.471626	-0.408755	-0.345879	-0.283001	-0.220118	-0.157232	-0.0943416	-0.0314478	0.0314497	0.0943509	0.157256	0.220165	0.283077	0.345993	0.408913	0.471837	0.534764	0.597695	0.66063	0.723569	0.786511	0.849457	0.912407	0.975361	
-0.970963	-0.908336	-0.845707	-0.783076	-0.720443	-0.657807	-0.59517	-0.53253	-0.469888	-0.407243	-0.344596	-0.281947	-0.219296	-0.156643	-0.0939873	-0.0313295	0.0313306	0.0939929	0.156657	0.219324	0.281993	0.344664	0.407338	0.470014	0.532692	0.595372	0.658054	0.720739	0.783426	0.846115	0.908806	0.9715	
-0.967462	-0.90505	-0.842638	-0.780225	-0.717811	-0.655397	-0.592981	-0.530566	-0.468149	-0.405731	-0.343313	-0.280894	-0.218475	-0.156054	-0.093633	-0.0312111	0.0312115	0.0936349	0.156059	0.218484	0.280909	0.343336	0.405763	0.468191	0.530619	0.593049	0.655479	0.71791	0.780341	0.842773	0.905206	0.96764	
-0.963959	-0.901763	-0.839567	-0.777373	-0.715179	-0.652985	-0.590793	-0.528601	-0.46641	-0.404219	-0.34203	-0.279841	-0.217653	-0.155465	-0.0932787	-0.0310928	0.0310924	0.0932769	0.155461	0.217644	0.279826	0.342007	0.404188	0.466368	0.528548	0.590726	0.652904	0.715081	0.777257	0.839433	0.901608	0.963782	
-0.960456	-0.898475	-0.836496	-0.77452	-0.712545	-0.650573	-0.588604	-0.526636	-0.464671	-0.402707	-0.340746	-0.278788	-0.216831	-0.154877	-0.0929244	-0.0309744	0.0309733	0.0929189	0.154862	0.216803	0.278742	0.340679	0.402614	0.464546	0.526476	0.588404	0.65033	0.712253	0.774175	0.836094	0.898011	0.959925	
-0.956951	-0.895185	-0.833424	-0.771666	-0.709911	-0.648161	-0.586414	-0.524671	-0.462931	-0.401195	-0.339463	-0.277734	-0.216009	-0.154288	-0.0925701	-0.0308561	0.0308542	0.0925609	0.154264	0.215963	0.277659	0.339351	0.401039	0.462724	0.524405	0.586082	0.647756	0.709426	0.771093	0.832755	0.894414	0.95607	
-0.953444	-0.891895	-0.83035	-0.768811	-0.707277	-0.645748	-0.584224	-0.522705	-0.461191	-0.399682	-0.338179	-0.27668	-0.215187	-0.153699	-0.0922157	-0.0307377	0.0307352	0.0922029	0.153666	0.215123	0.276576	0.338023	0.399465	0.460902	0.522334	0.583761	0.645183	0.7066	0.768012	0.829418	0.89082	0.952216	
-0.949937	-0.888603	-0.827276	-0.765955	-0.704641	-0.643334	-0.582033	-0.520739	-0.459451	-0.398169	-0.336895	-0.275627	-0.214365	-0.15311	-0.0918613	-0.0306194	0.0306161	0.091845	0.153067	0.214283	0.275492	0.336695	0.397891	0.459081	0.520264	0.581441	0.642611	0.703775	0.764932	0.826082	0.887226	0.948363	
-0.946428	-0.88531	-0.824201	-0.763099	-0.702005	-0.640919	-0.579842	-0.518772	-0.45771	-0.396656	-0.335611	-0.274573	-0.213543	-0.152521	-0.091507	-0.030501	0.030497	0.0914871	0.152469	0.213443	0.274409	0.335368	0.396318	0.45726	0.518195	0.579121	0.640039	0.70095	0.761852	0.822747	0.883634	0.944512	
-0.942918	-0.882016	-0.821124	-0.760242	-0.699368	-0.638504	-0.57765	-0.516805	-0.455969	-0.395143	-0.334326	-0.273519	-0.212721	-0.151932	-0.0911526	-0.0303826	0.0303779	0.0911291	0.151871	0.212603	0.273326	0.33404	0.394745	0.45544	0.516125	0.576801	0.637468	0.698126	0.758774	0.819413	0.880043	0.940663	
-0.939406	-0.878721	-0.818047	-0.757383	-0.696731	-0.636089	-0.575458	-0.514838	-0.454228	-0.393629	-0.333042	-0.272465	-0.211898	-0.151343	-0.0907982	-0.0302643	0.0302589	0.0907712	0.151273	0.211764	0.272244	0.332713	0.393171	0.453619	0.514056	0.574483	0.634898	0.695303	0.755697	0.81608	0.876453	0.936814	
-0.935893	-0.875425	-0.814968	-0.754524	-0.694092	-0.633673	-0.573265	-0.51287	-0.452487	-0.392116	-0.331757	-0.27141	-0.211076	-0.150754	-0.0904437	-0.0301459	0.0301398	0.0904133	0.150675	0.210924	0.271161	0.331386	0.391599	0.451799	0.511988	0.572164	0.632328	0.69248	0.75262	0.812748	0.872864	0.932968	
-0.932379	-0.872127	-0.811889	-0.751664	-0.691453	-0.631256	-0.571072	-0.510902	-0.450745	-0.390602	-0.330472	-0.270356	-0.210254	-0.150165	-0.0900893	-0.0300275	0.0300207	0.0900555	0.150077	0.210084	0.270078	0.330059	0.390026	0.44998	0.50992	0.569846	0.629759	0.689659	0.749545	0.809417	0.869277	0.929122	
-0.928864	-0.868829	-0.808809	-0.748804	-0.688814	-0.628838	-0.568878	-0.508933	-0.449003	-0.389087	-0.329187	-0.269302	-0.209431	-0.149576	-0.0897349	-0.0299091	0.0299017	0.0896976	0.149479	0.209245	0.268996	0.328732	0.388454	0.44816	0.507852	0.567529	0.627191	0.686838	0.74647	0.806088	0.86569	0.925278	
-0.925347	-0.865529	-0.805728	-0.745942	-0.686173	-0.62642	-0.566684	-0.506964	-0.44726	-0.387573	-0.327902	-0.268247	-0.208609	-0.148986	-0.0893804	-0.0297908	0.0297826	0.0893397	0.148881	0.208405	0.267914	0.327406	0.386882	0.446341	0.505785	0.565212	0.624623	0.684018	0.743397	0.802759	0.862105	0.921436	
-0.921829	-0.862228	-0.802645	-0.74308	-0.683532	-0.624002	-0.564489	-0.504995	-0.445518	-0.386058	-0.326616	-0.267192	-0.207786	-0.148397	-0.0890259	-0.0296724	0.0296636	0.0889819	0.148283	0.207566	0.266831	0.326079	0.38531	0.444523	0.503718	0.562896	0.622056	0.681199	0.740324	0.799432	0.858522	0.917594	
-0.91831	-0.858927	-0.799562	-0.740216	-0.68089	-0.621583	-0.562294	-0.503025	-0.443775	-0.384543	-0.325331	-0.266138	-0.206963	-0.147808	-0.0886714	-0.029554	0.0295445	0.0886241	0.147685	0.206726	0.265749	0.324753	0.383738	0.442704	0.501652	0.56058	0.619489	0.67838	0.737252	0.796105	0.854939	0.913755	
-0.91479	-0.855623	-0.796478	-0.737352	-0.678247	-0.619163	-0.560099	-0.501055	-0.442031	-0.383028	-0.324045	-0.265083	-0.20614	-0.147219	-0.0883169	-0.0294356	0.0294255	0.0882663	0.147087	0.205887	0.264667	0.323427	0.382167	0.440886	0.499586	0.558265	0.616924	0.675562	0.734181	0.79278	0.851358	0.909916	
-0.911268	-0.852319	-0.793392	-0.734487	-0.675604	-0.616742	-0.557902	-0.499084	-0.440287	-0.381513	-0.322759	-0.264028	-0.205318	-0.146629	-0.0879624	-0.0293172	0.0293064	0.0879085	0.146489	0.205048	0.263585	0.322101	0.380596	0.439069	0.49752	0.55595	0.614358	0.672745	0.731111	0.789455	0.847778	0.906079	
